000000000
111111111
222222222
333333333
444444444
555555555
666666666
023236011
134340122
245451233
356562344
460603455
501014566
612125600
046465022
150506133
261610244
302021355
413132466
524243500
635354611
062624033
103035144
214146255
325250366
436361400
540402511
651513622
015153044
126264155
230305266
341416300
452520411
563631522
604042633
031312055
142423166
253534200
364645311
405056422
516160533
620201644
054541066
165652100
206063211
310104322
421215433
532326544
643430655
053064435
164105546
205216650
316320061
420431102
531542213
642653324
006223446
110334550
221445661
332556002
443660113
554001224
665112335
022452450
133563561
244604602
355015013
466126124
500230235
611341346
045611461
156022502
260133613
301244024
412355135
523466246
634500350
061140402
102251513
213362624
324403035
435514146
546625250
650036361
014306413
125410524
236521635
340632046
451043150
562154261
603265302
030535424
141646535
252050646
363161050
404202161
515313202
626424313
036051163
140162204
251203315
362314426
403425530
514536641
625640052
052210104
163321215
204432326
315543430
426654541
530065652
641106063
005446115
116550226
220661330
331002441
442113552
553224663
664335004
021605126
132016230
243120341
354231452
465342563
506453604
610564015
044134130
155245241
266356352
300460463
411501504
522612615
633023026
060363141
101404252
212515363
323626404
434030515
545141626
656252030
013522152
124633263
235044304
346155415
450266526
561300630
602411041
012045521
123156632
234260043
345301154
456412265
560523306
601634410
035204532
146315643
250426054
361530165
402641206
513052310
624163421
051433543
162544654
203655065
314066106
425100210
536211321
640322432
004662554
115003665
226114006
330225110
441336221
552440332
663551443
020121565
131232606
242343010
353454121
464565232
505606343
616010454
043350506
154461610
265502021
306613132
410024243
521135354
632246465
066516510
100620621
211031032
322142143
433253254
544364365
655405406
065032256
106143360
210254401
321365512
432406623
543510034
654621145
011261260
122302301
233413412
344524523
455635634
566046045
600150156
034420201
145531312
256642423
360053534
401164645
512205056
623316160
050656212
161060323
202101434
313212545
424323656
535434060
646545101
003115223
114226334
225330445
336441556
440552660
551663001
662004112
026344234
130455345
241566456
352600560
463011601
504122012
615233123
042503245
153614356
264025460
305136501
416240612
520351023
631462134
041026614
152130025
263241136
304352240
415463351
526504462
630615503
064255625
105366036
216400140
320511251
431622362
542033403
653144514
010414636
121525040
232636151
343040262
454151303
565262414
606303525
033643640
144054051
255165162
366206203
400310314
511421425
622532536
056102651
160213062
201324103
312435214
423546325
534650436
645061540
002331662
113442003
224553114
335664225
446005336
550116440
661220551
025560603
136601014
240012125
351123236
462234340
503345451
614456562
024013342
135124453
246235564
350346605
461450016
502561120
613602231
040242353
151353464
262464505
303505616
414616020
525020131
636131242
063401364
104512405
215623516
326034620
430145031
541256142
652360253
016630305
120041416
231152520
342263631
453304042
564415153
605526264
032166316
143200420
254311531
365422642
406533053
510644164
621055205
055325320
166436431
200540542
311651653
422062064
533103105
644214216
001554331
112665442
223006553
334110664
445221005
556332116
660443220
000622001
111033112
222144223
333255334
444366445
555400556
666511660
023151012
134262123
245303234
356414345
460525456
501636560
612040601
046310023
150421134
261532245
302643356
413054460
524165501
635206612
062546034
103650145
214061256
325102360
436213401
540324512
651435623
015005045
126116156
230220260
341331301
452442412
563553523
604664634
031234056
142345160
253456201
364560312
405601423
516012534
620123645
054463060
165504101
206615212
310026323
421130434
532241545
643352656
053616436
164020540
205131651
316242062
420353103
531464214
642505325
006145440
110256551
221360662
332401003
443512114
554623225
665034336
022304451
133415562
244526603
355630014
466041125
500152236
611263340
045533462
156644503
260055614
301166025
412200136
523311240
634422351
061062403
102103514
213214625
324325036
435436140
546540251
650651362
014221414
125332525
236443636
340554040
451665151
562006262
603110303
030450425
141561536
252602640
363013051
404124162
515235203
626346314
036603164
140014205
251125316
362236420
403340531
514451642
625562053
052132105
163243216
204354320
315465431
426506542
530610653
641021064
005361116
116402220
220513331
331624442
442035553
553146664
664250005
021520120
132631231
243042342
354153453
465264564
506305605
610416016
044056131
155160242
266201353
300312464
411423505
522534616
633645020
060215142
101326253
212430364
323541405
434652516
545063620
656104031
013444153
124555264
235666305
346000416
450111520
561222631
602333042
012660522
123001633
234112044
345223155
456334266
560445300
601556411
035126533
146230644
250341055
361452166
402563200
513604311
624015422
051355544
162466655
203500066
314611100
425022211
536133322
640244433
004514555
115625666
226036000
330140111
441251222
552362333
663403444
020043566
131154600
242265011
353306122
464410233
505521344
616632455
043202500
154313611
265424022
306535133
410646244
521050355
632161466
066431511
100542622
211653033
322064144
433105255
544216366
655320400
065654250
106065361
210106402
321210513
432321624
543432035
654543146
011113261
122224302
233335413
344446524
455550635
566661046
600002150
034342202
145453313
256564424
360605535
401016646
512120050
623231161
050501213
161612324
202023435
313134546
424245650
535356061
646460102
003030224
114141335
225252446
336363550
440404661
551515002
662626113
026266235
130300346
241411450
352522561
463633602
504044013
615155124
042425246
153536350
264640461
305051502
416162613
520203024
631314135
041641615
152052026
263163130
304204241
415315352
526426463
630530504
064100626
105211030
216322141
320433252
431544363
542655404
653066515
010336630
121440041
232551152
343662263
454003304
565114415
606225526
033565641
144606052
255010163
366121204
400232315
511343426
622454530
056024652
160135063
201246104
312350215
423461326
534502430
645613541
002253663
113364004
224405115
335516226
446620330
550031441
661142552
025412604
136523015
240634126
351045230
462156341
503260452
614301563
024635343
135046454
246150565
350261606
461302010
502413121
613524232
040164354
151205465
262316506
303420610
414531021
525642132
636053243
063323365
104434406
215545510
326656621
430060032
541101143
652212254
016552306
120663410
231004521
342115632
453226043
564330154
605441265
032011310
143122421
254233532
365344643
406455054
510566165
621600206
055240321
166351432
200462543
311503654
422614065
533025106
644136210
001406332
112510443
223621554
334032665
445143006
556254110
660365221
000401620
111512031
222623142
333034253
444145364
555256405
666360516
023630631
134041042
245152153
356263264
460304305
501415416
612526520
046166642
150200053
261311164
302422205
413533316
524644420
635055531
062325653
103436064
214540105
325651216
436062320
540103431
651214542
015554664
126665005
230006116
341110220
452221331
563332442
604443553
031013605
142124016
253235120
364346231
405450342
516561453
620602564
054242616
165353020
206464131
310505242
421616353
532020464
643131505
053465355
164506466
205610500
316021611
420132022
531243133
642354244
006624366
110035400
221146511
332250622
443361033
554402144
665513255
022153300
133264411
244305522
355416633
466520044
500631155
611042266
045312311
156423422
260534533
301645644
412056055
523160166
634201200
061541322
102652433
213063544
324104655
435215066
546326100
650430211
014000333
125111444
236222555
340333666
451444000
562555111
603666222
030236344
141340455
252451566
363562600
404603011
515014122
626125233
036452013
140563124
251604235
362015346
403126450
514230561
625341602
052611024
163022135
204133246
315244350
426355461
530466502
641500613
005140035
116251146
220362250
331403361
442514402
553625513
664036624
021306046
132410150
243521261
354632302
465043413
506154524
610265635
044535050
155646161
266050202
300161313
411202424
522313535
633424646
060064061
101105102
212216213
323320324
434431435
545542546
656653650
013223002
124334113
235445224
346556335
450660446
561001550
602112661
012446441
123550552
234661663
345002004
456113115
560224226
601335330
035605452
146016563
250120604
361231015
402342126
513453230
624564341
051134463
162245504
203356615
314460026
425501130
536612241
640023352
004363404
115404515
226515626
330626030
441030141
552141252
663252363
020522415
131633526
242044630
353155041
464266152
505300263
616411304
043051426
154162530
265203641
306314052
410425163
521536204
632640315
066210430
100321541
211432652
322543063
433654104
544065215
655106326
065433106
106544210
210655321
321066432
432100543
543211654
654322065
011662110
122003221
233114332
344225443
455336554
566440665
600551006
034121121
145232232
256343343
360454454
401565565
512606606
623010010
050350132
161461243
202502354
313613465
424024506
535135610
646246021
003516143
114620254
225031365
336142406
440253510
551364621
662405032
026045154
130156265
241260306
352301410
463412521
504523632
615634043
042204165
153315206
264426310
305530421
416641532
520052643
631163054
041420534
152531645
263642056
304053160
415164201
526205312
630316423
064656545
105060656
216101060
320212101
431323212
542434323
653545434
010115556
121226660
232330001
343441112
454552223
565663334
606004445
033344560
144455601
255566012
366600123
400011234
511122345
622233456
056503501
160614612
201025023
312136134
423240245
534351356
645462460
002032512
113143623
224254034
335365145
446406256
550510360
661621401
025261523
136302634
240413045
351524156
462635260
503046301
614150412
024414262
135525303
246636414
350040525
461151636
502262040
613303151
040643203
151054314
262165425
303206536
414310640
525421051
636532162
063102214
104213325
215324436
326435540
430546651
541650062
652061103
016331225
120442336
231553440
342664551
453005662
564116003
605220114
032560236
143601340
254012451
365123562
406234603
510345014
621456125
055026240
166130351
200241462
311352503
422463614
533504025
644615136
001255251
112366362
223400403
334511514
445622625
556033036
660144140
633240426
004045365
106146402
000314403
053301131
036365566
012352224
041333310
023543414
006530142
052524500
011505663
064562321
040556056
022066153
010021332
062231436
021212522
033250343
061454105
020435261
003422626
056416354
655332500
031626451
060600544
043664202
115156406
002645365
210250513
030142120
042110641
001161034
111425514
164412242
134533530
123463335
152444421
134654525
110641253
163635611
146622346
122616004
160426602
133100264
162151350
121132443
103342540
055240546
132323633
161304026
144361454
102565216
220044141
131546302
143514123
142030562
240015230
101011655
154005313
113056406
141253231
153221052
112202145
222536625
205523353
251510011
234504446
245644641
263555532
245065636
204046022
233020115
262001201
244211305
214332663
203262461
343013000
232243554
214453651
243434044
226421402
202415130
255402565
213606320
242650413
332062612
254625234
253141603
212122066
330301621
241103152
224160510
226500511
252364342
266042164
223313256
333640036
316634464
362621122
345615550
356055052
304666643
356106040
332163405
315150133
344131226
303112312
355322416
314303502
343354665
325564062
354545155
313526241
366513606
324010431
450262631
365036345
364252014
311144361
323233100
306220535
441412032
363405453
464641043
305443204
350232511
444051140
420045505
456026661
415000054
443204516
426261244
402255602
455242330
414223423
466433520
425414613
454465006
430452434
436605103
564422253
400624010
435121542
464102635
440166363
423153021
406140456
405363125
462410052
434344211
410331646
552523143
446312032
404516564
416554315
521242050
445535401
555162251
531156616
514143344
560130002
526111165
664331116
501321262
554315620
530302355
513366013
566353441
500544631
536525024
565506110
540016214
506060300
552054035
535041463
511035121
565605023
546232653
505213046
551200404
534264132
510251560
516404236
545334334
545455322
663634254
504436415
515620605
544601061
520665426
556646512
666203362
642260020
625254455
601241113
612311315
612432303
665426031
624400124
600464552
551436516
636445645
611655042
640636135
606610221
651120325
610101411
022506354
650222006
616324150
620515340
656566433
661534254
614642200
626031016
631006530
660050623
015336452
014552121
055511535
031066200
144200202
222306420
126450363
263325334
100103336
125125014
251650530
230551604
211214440
341662015
322325551
355402125
452003126
445305203
425554432
506552264
433436662
451451340
532523540
563114230
544513143
625123460
666152104
634023501
515060424
036164616
604225341
061143621
642551611
640006654
655651114
015266560
056215404
632503466
045135161
111224634
164211362
044351530
140205020
126300601
001030143
020554104
164361252
050453311
222335045
251316131
111560464
230411012
136164420
201430626
216663553
333446156
362420242
200033255
341535260
312541030
311000543
300614163
403531353
310260234
435510365
403631046
211665133
452633234
420624515
560526525
462340163
555661301
536260610
563044345
523613646
666002412
625053505
613065143
433110355
544540100
604155456
650343064
050263615
641413466
621362601
465656266
622146232
353061524
424630352
341522123
334424360
155462641
000113523
403032233
412502535
141052351
433142434
553023053
