0000000000
2112013100
3223021200
1331032300
2333311010
0221302110
1110330210
3002323310
3111122020
1003131120
0332103220
2220110320
1222233030
3330220130
2001212230
0113201330
1120211001
3032202101
2303230201
0211223301
3213100011
1301113111
0030121211
2122132311
2031333021
0123320121
1212312221
3300301321
0302022031
2210031131
3121003231
1033010331
2230322002
0322331102
1013303202
3101310302
0103033012
2011020112
3320012212
1232001312
1321200022
3233213122
2102221222
0010232322
3012111032
1100102132
0231130232
2323123332
3310133003
1202120103
0133112203
2021101303
1023222013
3131231113
2200203213
0312210313
0201011023
2313002123
3022030223
1130023323
2132300033
0020313133
1311321233
3203332333
0013210000
2101203100
3230231200
1322222300
2320101010
0232112110
1103120210
3011133310
3102332020
1010321120
0321313220
2233300320
1231023030
3323030130
2012002230
0100011330
1133001001
3021012101
2310020201
0202033301
3200310011
1312303111
0023331211
2131322311
2022123021
0130130121
1201102221
3313111321
0311232031
2203221131
3132213231
1020200331
2223132002
0331121102
1000113202
3112100302
0110223012
2002230112
3333202212
1221211312
1332010022
3220003122
2111031222
0003022322
3001301032
1113312132
0222320232
2330333332
3303323003
1211330103
0120302203
2032311303
1030032013
3122021113
2213013213
0301000313
0212201023
2300212123
3031220223
1123233323
2121110033
0033103133
1302131233
3210122333
0022130000
2130123100
3201111200
1313102300
2311221010
0203232110
1132200210
3020213310
3133012020
1021001120
0310033220
2202020320
1200303030
3312310130
2023322230
0131331330
1102321001
3010332101
2321300201
0233313301
3231030011
1323023111
0012011211
2100002311
2013203021
0101210121
1230222221
3322231321
0320112031
2232101131
3103133231
1011120331
2212212002
0300201102
1031233202
3123220302
0121103012
2033110112
3302122212
1210131312
1303330022
3211323122
2120311222
0032302322
3030021032
1122032132
0213000232
2301013332
3332003003
1220010103
0111022203
2003031303
1001312013
3113301113
2222333213
0330320313
0223121023
2331132123
3000100223
1112113323
2110230033
0002223133
1333211233
3221202333
