0000000
4301100
3102200
2403300
1204400
4440010
3241110
2042210
1343310
0144410
3330020
2131120
1432220
0233320
4034420
2220030
1021130
0322230
4123330
3424430
1110040
0411140
4212240
3013340
2314440
4043001
3344101
2140201
1441301
0242401
3433011
2234111
1030211
0331311
4132411
2323021
1124121
0420221
4221321
3022421
1213031
0014131
4310231
3111331
2412431
0103041
4404141
3200241
2001341
1302441
3031002
2332102
1133202
0434302
4230402
2421012
1222112
0023212
4324312
3120412
1311022
0112122
4413222
3214322
2010422
0201032
4002132
3303232
2104332
1400432
4141042
3442142
2243242
1044342
0340442
2024003
1320103
0121203
4422303
3223403
1414013
0210113
4011213
3312313
2113413
0304023
4100123
3401223
2202323
1003423
4244033
3040133
2341233
1142333
0443433
3134043
2430143
1231243
0032343
4333443
1012004
0313104
4114204
3410304
2211404
0402014
4203114
3004214
2300314
1101414
4342024
3143124
2444224
1240324
0041424
3232034
2033134
1334234
0130334
4431434
2122044
1423144
0224244
4020344
3321444
3423000
2224100
1020200
0321300
4122400
2313010
1114110
0410210
4211310
3012410
1203020
0004120
4300220
3101320
2402420
0143030
4444130
3240230
2041330
1342430
4033040
3334140
2130240
1431340
0232440
2411001
1212101
0013201
4314301
3110401
1301011
0102111
4403211
3204311
2000411
0241021
4042121
3343221
2144321
1440421
4131031
3432131
2233231
1034331
0330431
3021041
2322141
1123241
0424341
4220441
1404002
0200102
4001202
3302302
2103402
0344012
4140112
3441212
2242312
1043412
4234022
3030122
2331222
1132322
0433422
3124032
2420132
1221232
0022332
4323432
2014042
1310142
0111242
4412342
3213442
0442003
4243103
3044203
2340303
1141403
4332013
3133113
2434213
1230313
0031413
3222023
2023123
1324223
0120323
4421423
2112033
1413133
0214233
4010333
3311433
1002043
0303143
4104243
3400343
2201443
4430004
3231104
2032204
1333304
0134404
3320014
2121114
1422214
0223314
4024414
2210024
1011124
0312224
4113324
3414424
1100034
0401134
4202234
3003334
2304434
0040044
4341144
3142244
2443344
1244444
3102000
2403100
1204200
0000300
4301400
2042010
1343110
0144210
4440310
3241410
1432020
0233120
4034220
3330320
2131420
0322030
4123130
3424230
2220330
1021430
4212040
3013140
2314240
1110340
0411440
2140001
1441101
0242201
4043301
3344401
1030011
0331111
4132211
3433311
2234411
0420021
4221121
3022221
2323321
1124421
4310031
3111131
2412231
1213331
0014431
3200041
2001141
1302241
0103341
4404441
1133002
0434102
4230202
3031302
2332402
0023012
4324112
3120212
2421312
1222412
4413022
3214122
2010222
1311322
0112422
3303032
2104132
1400232
0201332
4002432
2243042
1044142
0340242
4141342
3442442
0121003
4422103
3223203
2024303
1320403
4011013
3312113
2113213
1414313
0210413
3401023
2202123
1003223
0304323
4100423
2341033
1142133
0443233
4244333
3040433
1231043
0032143
4333243
3134343
2430443
4114004
3410104
2211204
1012304
0313404
3004014
2300114
1101214
0402314
4203414
2444024
1240124
0041224
4342324
3143424
1334034
0130134
4431234
3232334
2033434
0224044
4020144
3321244
2122344
1423444
0234000
4030100
3331200
2132300
1433400
4124010
3420110
2221210
1022310
0323410
3014020
2310120
1111220
0412320
4213420
2404030
1200130
0001230
4302330
3103430
1344040
0140140
4441240
3242340
2043440
4222001
3023101
2324201
1120301
0421401
3112011
2413111
1214211
0010311
4311411
2002021
1303121
0104221
4400321
3201421
1442031
0243131
4044231
3340331
2141431
0332041
4133141
3434241
2230341
1031441
3210002
2011102
1312202
0113302
4414402
2100012
1401112
0202212
4003312
3304412
1040022
0341122
4142222
3443322
2244422
0430032
4231132
3032232
2333332
1134432
4320042
3121142
2422242
1223342
0024442
2203003
1004103
0300203
4101303
3402403
1143013
0444113
4240213
3041313
2342413
0033023
4334123
3130223
2431323
1232423
4423033
3224133
2020233
1321333
0122433
3313043
2114143
1410243
0211343
4012443
1241004
0042104
4343204
3144304
2440404
0131014
4432114
3233214
2034314
1330414
4021024
3322124
2123224
1424324
0220424
3411034
2212134
1013234
0314334
4110434
2301044
1102144
0403244
4204344
3000444
