000000000
440401100
330302200
220203300
110104400
124122010
014023110
404424210
344320310
234221410
243244020
133140120
023041220
413442320
303343420
312311030
202212130
142113230
032014330
422410430
431433040
321334140
211230240
101131340
041032440
014210001
404111101
344012201
234413301
124314401
133332011
023233111
413134211
303030311
243431411
202404021
142300121
032201221
422102321
312003421
321021031
211422131
101323231
041224331
431120431
440143041
330044141
220440241
110341341
000242441
023420002
413321102
303222202
243123302
133024402
142042012
032443112
422344212
312240312
202141412
211114022
101010122
041411222
431312322
321213422
330231032
220132132
110033232
000434332
440330432
404303042
344204142
234100242
124001342
014402442
032130003
422031103
312432203
202333303
142234403
101202013
041103113
431004213
321400313
211301413
220324023
110220123
000121223
440022323
330423423
344441033
234342133
124243233
014144333
404040433
413013043
303414143
243310243
133211343
023112443
041340004
431241104
321142204
211043304
101444404
110412014
000313114
440214214
330110314
220011414
234034024
124430124
014331224
404232324
344133424
303101034
243002134
133403234
023304334
413200434
422223044
312124144
202020244
142421344
032322444
200223000
140124100
030020200
420421300
310322400
324340010
214241110
104142210
044043310
434444410
443412020
333313120
223214220
113110320
003011420
012034030
402430130
342331230
232232330
122133430
131101040
021002140
411403240
301304340
241200440
214433001
104334101
044230201
434131301
324032401
333000011
223401111
113302211
003203311
443104411
402122021
342023121
232424221
122320321
012221421
021244031
411140131
301041231
241442331
131343431
140311041
030212141
420113241
310014341
200410441
223143002
113044102
003440202
443341302
333242402
342210012
232111112
122012212
012413312
402314412
411332022
301233122
241134222
131030322
021431422
030404032
420300132
310201232
200102332
140003432
104021042
044422142
434323242
324224342
214120442
232303003
122204103
012100203
402001303
342402403
301420013
241321113
131222213
021123313
411024413
420042023
310443123
200344223
140240323
030141423
044114033
434010133
324411233
214312333
104213433
113231043
003132143
443033243
333434343
223330443
241013004
131414104
021310204
411211304
301112404
310130014
200031114
140432214
030333314
420234414
434202024
324103124
214004224
104400324
044301424
003324034
443220134
333121234
223022334
113423434
122441044
012342144
402243244
342144344
232040444
