0000000000
1241401000
2432302000
3123203000
4314104000
0442210100
1133111100
2324012100
3010413100
4201314100
0334420200
1020321200
2211222200
3402123200
4143024200
0221130300
1412031300
2103432300
3344333300
4030234300
0113340400
1304241400
2040142400
3231043400
4422444400
1011340010
2202241010
3443142010
4134043010
0320444010
1403000110
2144401110
3330302110
4021203110
0212104110
1340210210
2031111210
3222012210
4413413210
0104314210
1232420310
2423321310
3114222310
4300123310
0041024310
1124130410
2310031410
3001432410
4242333410
0433234410
2022130020
3213031020
4404432020
0140333020
1331234020
2414340120
3100241120
4341142120
0032043120
1223444120
2301000220
3042401220
4233302220
0424203220
1110104220
2243210320
3434111320
4120012320
0311413320
1002314320
2130420420
3321321420
4012222420
0203123420
1444024420
3033420030
4224321030
0410222030
1101123030
2342024030
3420130130
4111031130
0302432130
1043333130
2234234130
3312340230
4003241230
0244142230
1430043230
2121444230
3204000330
4440401330
0131302330
1322203330
2013104330
3141210430
4332111430
0023012430
1214413430
2400314430
4044210040
0230111040
1421012040
2112413040
3303314040
4431420140
0122321140
1313222140
2004123140
3240024140
4323130240
0014031240
1200432240
2441333240
3132234240
4210340340
0401241340
1142142340
2333043340
3024444340
4102000440
0343401440
1034302440
2220203440
3411104440
2431010001
3122411001
4313312001
0004213001
1240114001
2323220101
3014121101
4200022101
0441423101
1132324101
2210430201
3401331201
4142232201
0333133201
1024034201
2102140301
3343041301
4034442301
0220343301
1411244301
2044300401
3230201401
4421102401
0112003401
1303404401
3442300011
4133201011
0324102011
1010003011
2201404011
3334010111
4020411111
0211312111
1402213111
2143114111
3221220211
4412121211
0103022211
1344423211
2030324211
3113430311
4304331311
0040232311
1231133311
2422034311
3000140411
4241041411
0432442411
1123343411
2314244411
4403140021
0144041021
1330442021
2021343021
3212244021
4340300121
0031201121
1222102121
2413003121
3104404121
4232010221
0423411221
1114312221
2300213221
3041114221
4124220321
0310121321
1001022321
2242423321
3433324321
4011430421
0202331421
1443232421
2134133421
3320034421
0414430031
1100331031
2341232031
3032133031
4223034031
0301140131
1042041131
2233442131
3424343131
4110244131
0243300231
1434201231
2120102231
3311003231
4002404231
0130010331
1321411331
2012312331
3203213331
4444114331
0022220431
1213121431
2404022431
3140423431
4331324431
1420220041
2111121041
3302022041
4043423041
0234324041
1312430141
2003331141
3244232141
4430133141
0121034141
1204140241
2440041241
3131442241
4322343241
0013244241
1141300341
2332201341
3023102341
4214003341
0400404341
1033010441
2224411441
3410312441
4101213441
0342114441
4312020002
0003421002
1244322002
2430223002
3121124002
4204230102
0440131102
1131032102
2322433102
3013334102
4141440202
0332341202
1023242202
2214143202
3400044202
4033100302
0224001302
1410402302
2101303302
3342204302
4420310402
0111211402
1302112402
2043013402
3234414402
0323310012
1014211012
2200112012
3441013012
4132414012
0210020112
1401421112
2142322112
3333223112
4024124112
0102230212
1343131212
2034032212
3220433212
4411334212
0044440312
1230341312
2421242312
3112143312
4303044312
0431100412
1122001412
2313402412
3004303412
4240204412
1334100022
2020001022
3211402022
4402303022
0143204022
1221310122
2412211122
3103112122
4344013122
0030414122
1113020222
2304421222
3040322222
4231223222
0422124222
1000230322
2241131322
3432032322
4123433322
0314334322
1442440422
2133341422
3324242422
4010143422
0201044422
2340440032
3031341032
4222242032
0413143032
1104044032
2232100132
3423001132
4114402132
0300303132
1041204132
2124310232
3310211232
4001112232
0242013232
1433414232
2011020332
3202421332
4443322332
0134223332
1320124332
2403230432
3144131432
4330032432
0021433432
1212334432
3301230042
4042131042
0233032042
1424433042
2110334042
3243440142
4434341142
0120242142
1311143142
2002044142
3130100242
4321001242
0012402242
1203303242
2444204242
3022310342
4213211342
0404112342
1140013342
2331414342
3414020442
4100421442
0341322442
1032223442
2223124442
1243030003
2434431003
3120332003
4311233003
0002134003
1130240103
2321141103
3012042103
4203443103
0444344103
1022400203
2213301203
3404202203
4140103203
0331004203
1414110303
2100011303
3341412303
4032313303
0223214303
1301320403
2042221403
3233122403
4424023403
0110424403
2204320013
3440221013
4131122013
0322023013
1013424013
2141030113
3332431113
4023332113
0214233113
1400134113
2033240213
3224141213
4410042213
0101443213
1342344213
2420400313
3111301313
4302202313
0043103313
1234004313
2312110413
3003011413
4244412413
0430313413
1121214413
3210110023
4401011023
0142412023
1333313023
2024214023
3102320123
4343221123
0034122123
1220023123
2411424123
3044030223
4230431223
0421332223
1112233223
2303134223
3431240323
4122141323
0313042323
1004443323
2240344323
3323400423
4014301423
0200202423
1441103423
2132004423
4221400033
0412301033
1103202033
2344103033
3030004033
4113110133
0304011133
1040412133
2231313133
3422214133
4000320233
0241221233
1432122233
2123023233
3314424233
4442030333
0133431333
1324332333
2010233333
3201134333
4334240433
0020141433
1211042433
2402443433
3143344433
0232240043
1423141043
2114042043
3300443043
4041344043
0124400143
1310301143
2001202143
3242103143
4433004143
0011110243
1202011243
2443412243
3134313243
4320214243
0403320343
1144221343
2330122343
3021023343
4212424343
0340030443
1031431443
2222332443
3413233443
4104134443
3124040004
4310441004
0001342004
1242243004
2433144004
3011200104
4202101104
0443002104
1134403104
2320304104
3403410204
4144311204
0330212204
1021113204
2212014204
3340120304
4031021304
0222422304
1413323304
2104224304
3232330404
4423231404
0114132404
1300033404
2041434404
4130330014
0321231014
1012132014
2203033014
3444434014
4022040114
0213441114
1404342114
2140243114
3331144114
4414200214
0100101214
1341002214
2032403214
3223304214
4301410314
0042311314
1233212314
2424113314
3110014314
4243120414
0434021414
1120422414
2311323414
3002224414
0141120024
1332021024
2023422024
3214323024
4400224024
0033330124
1224231124
2410132124
3101033124
4342434124
0420040224
1111441224
2302342224
3043243224
4234144224
0312200324
1003101324
2244002324
3430403324
4121304324
0204410424
1440311424
2131212424
3322113424
4013014424
1102410034
2343311034
3034212034
4220113034
0411014034
1044120134
2230021134
3421422134
4112323134
0303224134
1431330234
2122231234
3313132234
4004033234
0240434234
1323040334
2014441334
3200342334
4441243334
0132144334
1210200434
2401101434
3142002434
4333403434
0024304434
2113200044
3304101044
4040002044
0231403044
1422304044
2000410144
3241311144
4432212144
0123113144
1314014144
2442120244
3133021244
4324422244
0010323244
1201224244
2334330344
3020231344
4211132344
0402033344
1143434344
2221040444
3412441444
4103342444
0344243444
1030144444
