056356626
160460030
201501141
312612252
423023363
534134404
645245515
004114552
115625663
226336004
330440115
441551226
552662330
663003441
041326554
152430665
263541006
304652110
415063221
526104332
630215443
025254335
106360546
210401650
321512061
432623102
543034213
654145324
061530006
102641110
213052221
324163332
435204443
546315554
650426665
004365401
115406512
226510623
330621034
441032145
552143256
663254360
056313151
160424262
201535503
312646414
423050525
534161636
645202040
006262662
110303003
121414114
332525225
443636336
554040440
665151551
042666505
153000616
264111020
305222131
416333242
520444353
631555464
050441252
161552363
202663404
313004515
424115626
535226030
646330141
031644340
142055451
253166562
364200603
405311014
516422125
620533236
016660452
120001563
231112604
342223015
453334126
564445230
605553341
022665520
133006631
244110042
355221153
466332264
500443305
611554416
003031562
114142603
225253014
336364125
440405236
551516340
662620451
022136101
133240212
244351323
355462434
466503545
500614656
611025060
016653364
120064405
231105516
342216620
453320031
605542253
012234526
123345630
234456041
345560152
456601263
560012304
601123415
006023024
110134135
221245246
332356350
443460461
554501502
665612613
064505150
105632261
216023302
320154413
431262554
542305635
653410046
024012441
135123552
246234663
350345004
461456115
502560226
613601330
034331644
145442015
256553166
360664200
461005311
512116422
623220533
014361010
125406121
236510232
340621343
451032452
562143565
603256606
033521613
144632024
255043135
366154246
400265350
511306461
622410502
020224612
131335023
242446134
353550245
464661356
505002460
606113501
042404034
153515145
264626256
305030360
416141401
520252512
631363623
023441300
134552411
245663522
356004633
460115044
501226155
612330266
054132322
165243433
206354544
310465655
421506066
532610100
643021211
044536260
155640301
216051412
300162523
411203634
522314045
633425156
035040333
146151444
250262555
361303666
402414000
513525111
624646222
030554262
141665303
252006414
363110525
404221636
515332040
626443151
025332524
136443635
240554046
351665150
462506261
503110302
614221413
051363035
162404146
203515250
314626361
425030402
536141513
640252624
035632122
146043233
250154344
361265455
402306566
513410600
624521011
054120600
165231011
206342122
310453233
421564344
532603455
643016566
016434620
120545031
231656142
342060253
453101364
564212405
605323516
063516353
104620464
215231505
326642616
430253020
541364131
652405242
033063650
144104061
255215102
366326213
400430324
511541435
622652546
061466641
002500052
213611113
365022204
435133365
546244426
650355530
055210564
166321605
200432016
311543120
422654231
533065342
644106453
054552636
165663040
206004151
310115262
421226303
532330414
643441525
025344454
136455565
240566606
351600010
462011121
503122232
614233343
055501430
166612541
200023652
311134063
422245104
533356215
644460326
031454455
142565566
253606600
364010011
405121122
516232233
620343344
021615605
132026016
241430120
354241231
465352342
506463453
610504564
041235251
151336362
263450403
304561514
415602625
526013036
630124140
054112265
165223306
206334410
310445521
421556632
532660043
643001154
065606320
116010435
210121546
321232650
432343061
543454105
654565213
036101241
140212352
251323463
362434504
403545615
514656026
625060130
612263142
123304253
234415364
345526405
456630516
560041620
601152031
004050221
115161232
226202343
330313454
441424565
552535606
663646010
021450250
132561361
243602402
354013513
465124624
506235035
610346146
056025561
160136602
201240013
312351124
423462235
534503346
645614450
005565066
116656100
220060211
331101322
442212433
553323544
664434655
041260442
152301553
263412664
304523005
415634116
526045220
630156331
014644143
125055254
236166365
340200406
451311510
562422621
603533032
050256403
161366514
202401625
313512036
424623140
535033251
646140362
065300520
106411631
210522042
321633153
432044264
543155305
654266416
062335615
103446026
214550130
325661241
436002352
540113463
651224504
265150056
106265160
210302201
324463616
432524423
543635524
654066645
055503412
166614523
200025634
311136045
422240156
533351264
644462301
013553061
124664102
235005213
346116324
450220435
561331546
602442650
020205160
131316201
242420312
353531423
464642534
505053645
616164056
021143022
132254133
243365244
354406355
465510466
506621500
610032611
634340336
115451340
226562451
350603466
401014603
552125014
623236125
001042514
112153625
223264036
334305140
445416251
556520362
660631403
000400642
111511053
222622164
333033205
444144316
555255420
666366531
016635155
120046566
231150300
342261411
453302522
564413633
605524044
040552510
151663621
262004032
303115143
414226254
525330365
636441406
046243503
110354614
221465025
332506136
443610240
554021351
665232462
050540321
161651432
202062543
313103654
424214065
535325106
646436210
026011534
130122645
241233056
352344160
463455201
504566312
615600423
066163063
100204104
211315215
322426326
433530430
544641541
655052652
052621426
163032550
204143661
315254002
426365113
530406224
601510335
051131615
162222026
203353130
314464241
425505352
536616463
640020504
052136531
163240642
204351053
315462164
426503205
530614316
641025420
004403135
115514246
226625350
330036461
441140502
552251613
663362024
022633613
133044024
244155155
355266246
466300350
500411461
611522502
001101126
112212230
223323341
334434452
445545563
556656604
660060015
044325023
155436134
266540245
300651356
411062460
522103501
633214612
015150311
126261422
230302533
341413644
452524055
563635166
604046200
034605304
145014425
256125526
360236620
401340041
512451152
623562263
000016230
111120341
222231452
333342563
444453604
555564615
666605126
032445614
143556025
254660136
365001240
406112351
510223462
621334503
012436445
123540556
234651660
345062001
456103112
140314223
001325334
035511542
146622653
250033064
361144105
402255216
513366320
624400431
046524134
150635245
261046356
302150460
413261501
524302612
635413023
040143255
151254366
262365400
303406511
414510622
525621033
636032144
022340425
133451536
244562640
355603051
466014162
500125203
611236314
031433313
142544424
253655535
364066646
405100050
516211161
620322202
002564165
113605206
224016310
335120421
446231532
550342643
661453054
013435032
124546143
235650254
346061365
450102406
561213510
602324621
061105560
102216601
253340112
324431223
435522334
546653345
650034156
026602466
130013500
241124611
352235022
460346233
564450144
665561255
022015056
233126160
244230201
355341312
466452423
500563534
616024644
003164206
114205310
225316421
336420532
440531643
551642054
662053165
042043340
153154451
264265562
305306603
416410014
520521125
631632236
043505641
154616052
265020163
306131204
410242315
521353426
632464530
055424021
166535132
200646243
311050354
422161465
533202506
644313610
005160613
116201024
220312135
331423246
442534350
553645462
664056502
066445336
100556440
211660551
322001662
433112003
544223114
655334225
040423101
151534212
262645323
303056434
414161545
525201656
636312060
015122456
126233560
230344601
341455012
452566123
563600234
604011345
001212326
112323430
223434541
334545652
445656063
556060104
660101215
003420354
114531465
225642506
336053610
440164021
551205132
662316243
062214655
103325066
214436100
325540211
436651322
540062433
651103544
034246550
145350661
256461002
360502113
401613224
512024335
623135446
010241563
121352604
232463015
343504126
454615230
565026341
606130452
052555334
163666445
204000556
315111660
426222001
430333112
641444223
011515522
122626633
533030044
344141155
455252266
566363300
600404411
041611421
152022532
263133643
304244054
415355165
526466206
630500310
034106625
145210036
256321140
360432251
401543362
516654403
623065514
056432040
160543151
201654262
312065303
423106414
534210525
645321636
062203311
103314422
214425533
325536644
436640055
540051166
651162200
026561316
130602420
241013531
352124642
463255053
504346164
615450205
015563203
126604314
230015425
341126536
452230640
513341031
604452162
063623531
104034642
215145053
326256164
430360205
541401316
652512420
065421065
106532106
210643210
321054321
432165432
543206543
654310654
045056116
156160220
260201331
301312442
412423553
523534664
634645005
065643661
106054002
210165113
321206224
432310335
543421446
654532550
010051001
121162112
232203223
343314334
454425445
565536556
606640660
005145144
116256255
220360366
331401400
442512511
553623622
664034033
021526435
132630546
243041650
354152061
465263102
506304214
650415364
064064424
105105535
216216646
320320050
431431161
542542202
653653313
045364345
156405456
260516560
301620601
412031012
523142123
634253234
041342162
152453203
263564314
304605426
415016536
526120640
630231051
061062232
102103343
213214454
324325565
435436606
546540010
650651121
030113166
141224200
252335311
363446222
404550533
515661644
626002055
046112630
150223041
261334152
302445263
413556304
524660415
635001526
003225220
114336331
225440442
336551553
440662664
551003005
662114116
043456663
114260000
266601115
306012226
410123330
521234441
632345552
024354511
135465622
246506033
350610144
461021255
502132366
613243400
060350622
101465264
212506305
323610416
434021520
545132632
656243025
060462002
101563113
212624224
323035335
434146446
545250550
656361661
036025410
143130521
254244632
365352043
416443154
510601265
621615306
024551355
135662466
246003500
350114611
461225022
502336133
613440244
063022406
104133510
215244621
326355032
430466143
541500254
652611365
041600133
152011224
263122335
304233446
415344550
526455661
630566002
060620216
101031320
252142431
323253542
424364653
565406064
656516105
021466263
132500303
243611415
314022526
465133630
506244041
610355153
060106336
101210416
212322520
434543042
545654153
656065264
032412003
143123156
254634225
365045336
406156440
510163555
621301662
010366434
121400545
232511656
343622060
454033101
565144212
606255323
024515433
135626544
246030655
350141066
461252100
502363211
613404322
062521240
103632351
214043462
325154503
436265614
540306025
651410136
023210141
134321252
245432363
356543404
460654515
501065626
612106030
064630060
105041101
216152212
320263323
411304434
512415545
653526656
044206232
155310343
266421454
300532565
411643606
522054010
633165121
032250501
143361612
554402023
365513134
406624245
510035356
621146460
014411216
125522320
236633431
340044542
451155653
562266064
603310103
000216013
111320124
222431235
333542346
444653450
555064561
666105602
013046045
124150126
235261260
346302301
450413412
561524523
602635634
036234305
140345416
251456520
362560631
403601042
514012153
625123264
005435553
116546664
220650005
331061116
442102220
553213331
664324442
045311232
156422343
260533454
311644565
412055606
523166010
634260151
036662016
140003120
251114231
362225342
403336452
514440564
625551605
066656511
100060122
221101335
322212344
433323355
544434566
655545400
031306102
142410510
253521324
364632435
405043546
516154650
620265061
000322360
101433401
222544512
333650623
444066034
505100145
666211256
045131000
156242111
260353222
301364333
412505444
523616555
634020666
046415202
140526313
261630424
302041535
413152646
524263050
635304161
030562054
141603165
252014206
363115310
404236421
515340532
626455643
062102553
103216664
214324005
325435116
436546220
540650331
651061442
002341602
113452013
224563124
335604235
446015346
550126450
661230561
440161045
131302152
252313260
303424301
064535412
505046523
366051634
042352056
153463160
264504201
305615312
416026423
520130534
631241645
012314363
123425404
234536515
345640626
456051030
560162141
601203252
026021143
130132254
241243365
352354406
463465510
504506621
615610032
043015122
154126233
265230344
306341455
410452566
521563600
630604511
021024666
132135000
243246111
354350222
465461333
506502444
610613555
034342211
145453322
256564433
360605544
401016655
512120066
623231100
011050243
122161354
233202465
344313506
455424610
566535021
600646132
050634332
161045443
202156554
313260665
424301006
535412110
646523221
053662503
164003614
205114025
316225136
420336240
531440351
642551462
011402131
122011232
233624353
344035464
455146505
566250616
600361020
030045136
141156240
252260351
363301462
404412503
515523614
626634025
053232214
164343325
205454436
316565540
420606651
531010062
642121103
013313426
124424530
235535641
346646052
450050163
561161204
602202315
023553452
034664563
245005604
356116015
460220126
501331230
612442341
066240234
100351345
211462456
322503560
433614601
544025012
655136123
053044255
164155336
205266460
316300511
420411622
531522033
642633144
010540103
120656214
332062325
345103436
454204540
565325651
606436562
046100465
150211506
261322610
302433021
413544132
524655243
635066354
065433225
106544336
210056440
321066551
432100662
543211003
654322114
004020105
113131266
224242300
335353401
446464522
550505633
661616004
033151134
144262245
255303356
366414460
400525501
511636612
622040023
063261123
104302234
216413345
324524456
430635560
541046601
665150012
014255641
125366052
236400163
340511204
451622315
562033426
603144530
005453403
116064311
220105222
331216233
442321444
553431555
664542066
064116104
105220215
216331326
320442430
431553541
542664652
653005063
012002604
123113015
234224126
345335230
456446341
150560452
601661563
052255444
163362155
204403266
315514300
426625411
530036522
641140633
022402413
133563524
244604635
355015046
466126150
500230261
011311302
026226542
130330650
241441064
353552105
463663216
503004320
615115431
023604040
134015151
245126262
356230303
460341414
501452525
612563636
050463546
161504650
202615061
313026102
424130213
535241324
646352435
003666135
114003246
225114350
336225461
340336562
551440613
662550624
162150102
066142415
252601141
006514260
260143423
254064013
562155360
234020423
420435342
101454553
323300005
255422001
601200345
002221154
112605051
443343023
012532125
402233653
644520335
111246332
410630062
566360402
554351414
045665044
660513642
501252205
423451656
156536053
034300015
615536513
523503062
301402230
532550021
420612362
152243463
362341046
436055546
303226410
505633142
520536635
411235103
251661646
014033554
463403020
643452554
403062054
364633312
050054303
324321115
404203361
346461140
053546502
060334400
134524161
144533314
514103102
610214221
155101044
642031321
666456435
602005113
451320216
442300666
144261543
105214634
455041625
255556141
164015363
615401306
560454042
332134014
255006661
661546211
163042265
002625363
121461626
033304056
222056166
564252451
125146655
115416462
226540034
625516106
363242252
325213155
001646036
051251256
611111246
511514051
622664203
241251530
643632405
221021452
531114552
013330633
364160262
316140352
452160114
231032631
231006545
033142452
534122524
533131140
023155621
440510155
