00000000
11111001
22222002
33333003
44444004
55555005
66666006
13231112
24342113
35453114
46564115
50605116
61016110
02120111
26462224
30503225
41614226
52025220
63136221
04240222
15351223
32623336
43034330
54145331
65256332
06360333
10401334
21512335
45154441
56265442
60306443
01410444
12521445
23632446
34043440
51315553
62426554
03530555
14641556
25052550
36163551
40204552
64546665
05650666
16061660
20102661
31213662
42324663
53435664
04562041
15603042
26014043
30125044
41236045
52340046
63451040
10023153
21134154
32245155
43356156
54460150
65501151
06612152
23254265
34365266
45406260
56510261
60621262
01032263
12143264
36415300
40526301
51630302
62041303
03152304
14263305
25304306
42646412
53050413
64161414
05202415
16313416
20424410
31535411
55100524
66211525
00322526
11433520
22544521
33655522
44066523
61331636
02442630
13553631
24664632
35005633
46116634
50220635
01354012
12465013
23506014
34610015
45021016
56132010
60243011
14515124
25626125
36030126
40141120
51252121
62363122
03404123
20046236
31150230
42261231
53302232
64413233
05524234
16635235
33200341
44311342
55422343
66533344
00644345
11055346
22166340
46431453
50542454
61653455
02064456
13105450
24216451
35320452
52662565
63003566
04114560
15225561
26336562
30440563
41551564
65123600
06234601
10345602
21456603
32560604
43601605
54012606
05146053
16250054
20361055
31402056
42513050
53624051
64035052
11300165
22411166
33522160
44633161
55044162
66155163
00266164
24531200
35642201
46053202
50164203
61205204
02316205
13420206
30062312
41103313
52214314
63325315
04436316
15540310
26651311
43223424
54334425
65445426
06556420
10660421
21001422
32112423
56454536
60565530
01606531
12010532
23121533
34232534
45343535
62615641
03026642
14130643
25241644
36352645
40463646
51504640
02631024
13042025
24153026
35264020
46305021
50416022
61520023
15162136
26203130
30314131
41425132
52536133
63640134
04051135
21323241
32434242
43545243
54656244
65060245
06101246
10212240
34554353
45665354
56006355
60110356
01221350
12332351
23443352
40015465
51126466
62230460
03341461
14452462
25563463
36604464
53246500
64350501
05461502
16502503
20613504
31024505
42135506
66400612
00511613
11622614
22033615
33144616
44255610
55366611
06423065
10534066
21645060
32056061
43160062
54201063
65312064
12654100
23065101
34106102
45210103
56321104
60432105
01543106
25115212
36226213
40330214
51441215
62552216
03663210
14004211
31346324
42450325
53561326
64602320
05013321
16124322
20235323
44500436
55611430
66022431
00133432
11244433
22355434
33466435
50031541
61142542
02253543
13364544
24405545
35516546
46620540
63262653
04303654
15414655
26525656
30636650
41040651
52151652
03215036
14326030
25430031
36541032
40652033
51063034
62104035
16446141
20550142
31661143
42002144
53113145
64224146
05335140
22600253
33011254
44122255
55233256
66344250
00455251
11566252
35131365
46242366
50353360
61464361
02505362
13616363
24020364
41362400
52403401
63514402
04625403
15036404
26140405
30251406
54523512
65634513
06045514
10156515
21260516
32301510
43412511
60054624
01165625
12206626
23310620
34421621
45532622
56643623
00011555
11122556
22233550
33344551
44455552
55566553
66600554
13242660
24353661
35464662
46505663
50616664
61020665
02131666
26403002
30514003
41625004
52036005
63140006
04251000
15362001
32634114
43045115
54156116
65260110
06301111
10412112
21523113
45165226
56206220
60310221
01421222
12532223
23643224
34054225
51326331
62430332
03541333
14652334
25063335
36104336
40215330
64550443
05661444
16002445
20113446
31224440
42335441
53446442
04503526
15614520
26025521
30136522
41240523
52351524
63462525
10034631
21145632
32256633
43360634
54401635
65512636
06623630
23265043
34306044
45410045
56521046
60632040
01043041
12154042
36426155
40530156
51641150
62052151
03163152
14204153
25315154
42650260
53061261
64102262
05213263
16324264
20435265
31546266
55111302
66222303
00333304
11444305
22555306
33666300
44000301
61342414
02453415
13564416
24605410
35016411
46120412
50231413
01365560
12406561
23510562
34621563
45032564
56143565
60254566
14526602
25630603
36041604
40152605
51263606
62304600
03415601
20050014
31161015
42202016
53313010
64424011
05535012
16646013
33211126
44322120
55433121
66544122
00655123
11066124
22100125
46442231
50553232
61664233
02005234
13116235
24220236
35331230
52603343
63014344
04125345
15236346
26340340
30451341
41562342
65134455
06245456
10356450
21460451
32501452
43612453
54023454
05150531
16261532
20302533
31413534
42524535
53635536
64046530
11311643
22422644
33533645
44644646
55055640
66166641
00200642
24542055
35653056
46064050
50105051
61216052
02320053
13431054
30003160
41114161
52225162
63336163
04440164
15551165
26662166
43234202
54345203
65456204
06560205
10601206
21012200
32123201
56465314
60506315
01610316
12021310
23132311
34243312
45354313
62626426
03030420
14141421
25252422
36363423
40404424
51515425
02642502
13053503
24164504
35205505
46316506
50420500
61531501
15103614
26214615
30325616
41436610
52540611
63651612
04062613
21334026
32445020
43556021
54660022
65001023
06112024
10223025
34565131
45606132
56010133
60121134
01232135
12343136
23454130
40026243
51130244
62241245
03352246
14463240
25504241
36615242
53250355
64361356
05402350
16513351
20624352
31035353
42146354
66411460
00522461
11633462
22044463
33155464
44266465
55300466
06434543
10545544
21656545
32060546
43101540
54212541
65323542
12665655
23006656
34110650
45221651
56332652
60443653
01554654
25126060
36230061
40341062
51452063
62563064
03604065
14015066
31350102
42461103
53502104
64613105
05024106
16135100
20246101
44511214
55622215
66033216
00144210
11255211
22366212
33400213
50042326
61153320
02264321
13305322
24416323
35520324
46631325
63203431
04314432
15425433
26536434
30640435
41051436
52162430
03226514
14330515
25441516
36552510
40663511
51004512
62115513
16450626
20561620
31602621
42013622
53124623
64235624
05346625
22611031
33022032
44133033
55244034
66355035
00466036
11500030
35142143
46253144
50364145
61405146
02516140
13620141
24031142
41303255
52414256
63525250
04636251
15040252
26151253
30262254
54534360
65645361
06056362
10160363
21201364
32312365
43423366
60065402
01106403
12210404
23321405
34432406
45543400
56654401
00034111
11145112
22256113
33360114
44401115
55512116
66623110
13265223
24306224
35410225
46521226
50632220
61043221
02154222
26426335
30530336
41641330
52052331
63163332
04204333
15315334
32650440
43061441
54102442
65213443
06324444
10435445
21546446
45111552
56222553
60333554
01444555
12555556
23666550
34000551
51342664
62453665
03564666
14605660
25016661
36120662
40231663
64503006
05614000
16025001
20136002
31240003
42351004
53462005
04526152
15630153
26041154
30152155
41263156
52304150
63415151
10050264
21161265
32202266
43313260
54424261
65535262
06646263
23211306
34322300
45433301
56544302
60655303
01066304
12100305
36442411
40553412
51664413
62005414
03116415
14220416
25331410
42603523
53014524
64125525
05236526
16340520
20451521
31562522
55134635
66245636
00356630
11460631
22501632
33612633
44023634
61365040
02406041
13510042
24621043
35032044
46143045
50254046
01311123
12422124
23533125
34644126
45055120
56166121
60200122
14542235
25653236
36064230
40105231
51216232
62320233
03431234
20003340
31114341
42225342
53336343
64440344
05551345
16662346
33234452
44345453
55456454
66560455
00601456
11012450
22123451
46465564
50506565
61610566
02021560
13132561
24243562
35354563
52626606
63030600
04141601
15252602
26363603
30404604
41515605
65150011
06261012
10302013
21413014
32524015
43635016
54046010
05103164
16214165
20325166
31436160
42540161
53651162
64062163
11334206
22445200
33556201
44660202
55001203
66112204
00223205
24565311
35606312
46010313
50121314
61232315
02343316
13454310
30026423
41130424
52241425
63352426
04463420
15504421
26615422
43250535
54361536
65402530
06513531
10624532
21035533
32146534
56411640
60522641
01633642
12044643
23155644
34266645
45300646
62642052
03053053
14164054
25205055
36316056
40420050
51531051
02665135
13006136
24110130
35221131
46332132
50443133
61554134
15126240
26230241
30341242
41452243
52563244
63604245
04015246
21350352
32461353
43502354
54613355
65024356
06135350
10246351
34511464
45622465
56033466
60144460
01255461
12366462
23400463
40042506
51153500
62264501
03305502
14416503
25520504
36631505
53203611
64314612
05425613
16536614
20640615
31051616
42162610
66434023
00545024
11656025
22060026
33101020
44212021
55323022
06450106
10561100
21602101
32013102
43124103
54235104
65346105
12611211
23022212
34133213
45244214
56355215
60466216
01500210
25142323
36253324
40364325
51405326
62516320
03620321
14031322
31303435
42414436
53525430
64636431
05040432
16151433
20262434
44534540
55645541
66056542
00160543
11201544
22312545
33423546
50065652
61106653
02210654
13321655
24432656
35543650
46654651
63226064
04330065
15441066
26552060
30663061
41004062
52115063
03242140
14353141
25464142
36505143
40616144
51020145
62131146
16403252
20514253
31625254
42036255
53140256
64251250
05362251
22634364
33045365
44156366
55260360
66301361
00412362
11523363
35165406
46206400
50310401
61421402
02532403
13643404
24054405
41326511
52430512
63541513
04652514
15063515
26104516
30215510
54550623
65661624
06002625
10113626
21224620
32335621
43446622
60011035
01122036
12233030
23344031
34455032
45566033
56600034
00061222
11102223
22213224
33324225
44435226
55546220
66650221
13222334
24333335
35444336
46555330
50666331
61000332
02111333
26453446
30564440
41605441
52016442
63120443
04231444
15342445
32614551
43025552
54136553
65240554
06351555
10462556
21503550
45145663
56256664
60360665
01401666
12512660
23623661
34034662
51306005
62410006
03521000
14632001
25043002
36154003
40265004
64530110
05641111
16052112
20163113
31204114
42315115
53426116
04553263
15664264
26005265
30116266
41220260
52331261
63442262
10014305
21125306
32236300
43340301
54451302
65562303
06603304
23245410
34356411
45460412
56501413
60612414
01023415
12134416
36406522
40510523
51621524
62032525
03143526
14254520
25365521
42630634
53041635
64152636
05263630
16304631
20415632
31526633
55161046
66202040
00313041
11424042
22535043
33646044
44050045
61322151
02433152
13544153
24655154
35066155
46100156
50211150
01345234
12456235
23560236
34601230
45012231
56123232
60234233
14506346
25610340
36021341
40132342
51243343
62354344
03465345
20030451
31141452
42252453
53363454
64404455
05515456
16626450
33261563
44302564
55413565
66524566
00635560
11046561
22150562
46422605
50533606
61644600
02055601
13166602
24200603
35311604
52653010
63064011
04105012
15216013
26320014
30431015
41542016
65114122
06225123
10336124
21440125
32551126
43662120
54003121
05130205
16241206
20352200
31463201
42504202
53615203
64026204
11361310
22402311
33513312
44624313
55035314
66146315
00250316
24522422
35633423
46044424
50155425
61266426
02300420
13411421
30053534
41164535
52205536
63316530
04420531
15531532
26642533
43214646
54325640
65436641
06540642
10651643
21062644
32103645
56445051
60556052
01660053
12001054
23112055
34223056
45334050
62606163
03010164
14121165
25232166
36343160
40454161
51565162
02622246
13033240
24144241
35255242
46366243
50400244
61511245
15153351
26264352
30305353
41416354
52520355
63631356
04042350
21314463
32425464
43536465
54640466
65051460
06162461
10203462
34545505
45656506
56060500
60101501
01212502
12323503
23434504
40006610
51110611
62221612
03332613
14443614
25554615
36665616
53230022
64341023
05452024
16563025
20604026
31015020
42126021
66461134
00502135
11613136
22024130
33135131
44246132
55350133
06414210
10525211
21636212
32040213
43151214
54262215
65303216
12645322
23056323
34160324
45201325
56312326
60423320
01534321
25106434
36210435
40321436
51432430
62543431
03654432
14065433
31330546
42441540
53552541
64663542
05004543
16115544
20226545
44561651
55602652
66013653
00124654
11235655
22346656
33450650
50022063
61133064
02244065
13355066
24466060
35500061
46611062
63253105
04364106
15405100
26516101
30620102
41031103
52142104
03206251
14310252
25421253
36532254
40643255
51054256
62165250
16430363
20541364
31652365
42063366
53104360
64215361
05326362
22661405
33002406
44113400
55224401
66335402
00446403
11550404
35122510
46233511
50344512
61455513
02566514
13600515
24011516
41353622
52464623
63505624
04616625
15020626
26131620
30242621
54514034
65625035
06036036
10140030
21251031
32362032
43403033
60045146
01156140
12260141
23301142
34412143
45523144
56634145
00050444
11161445
22202446
33313440
44424441
55535442
66646443
13211556
24322550
35433551
46544552
50655553
61066554
02100555
26442661
30553662
41664663
52005664
63116665
04220666
15331660
32603003
43014004
54125005
65236006
06340000
10451001
21562002
45134115
56245116
60356110
01460111
12501112
23612113
34023114
51365220
62406221
03510222
14621223
25032224
36143225
40254226
64526332
05630333
16041334
20152335
31263336
42304330
53415331
04542415
15653416
26064410
30105411
41216412
52320413
63431414
10003520
21114521
32225522
43336523
54440524
65551525
06662526
23234632
34345633
45456634
56560635
60601636
01012630
12123631
36465044
40506045
51610046
62021040
03132041
14243042
25354043
42626156
53030150
64141151
05252152
16363153
20404154
31515155
55150261
66261262
00302263
11413264
22524265
33635266
44046260
61311303
02422304
13533305
24644306
35055300
46166301
50200302
01334456
12445450
23556451
34660452
45001453
56112454
60223455
14565561
25606562
36010563
40121564
51232565
62343566
03454560
20026603
31130604
42241605
53352606
64463600
05504601
16615602
33250015
44361016
55402010
66513011
00624012
11035013
22146014
46411120
50522121
61633122
02044123
13155124
24266125
35300126
52642232
63053233
04164234
15205235
26316236
30420230
41531231
65103344
06214345
10325346
21436340
32540341
43651342
54062343
05126420
16230421
20341422
31452423
42563424
53604425
64015426
11350532
22461533
33502534
44613535
55024536
66135530
00246531
24511644
35622645
46033646
50144640
61255641
02366642
13400643
30042056
41153050
52264051
63305052
04416053
15520054
26631055
43203161
54314162
65425163
06536164
10640165
21051166
32162160
56434203
60545204
01656205
12060206
23101200
34212201
45323202
62665315
03006316
14110310
25221311
36332312
40443313
51554314
02611461
13022462
24133463
35244464
46355465
50466466
61500460
15142503
26253504
30364505
41405506
52516500
63620501
04031502
21303615
32414616
43525610
54636611
65040612
06151613
10262614
34534020
45645021
56056022
60160023
01201024
12312025
23423026
40065132
51106133
62210134
03321135
14432136
25543130
36654131
53226244
64330245
05441246
16552240
20663241
31004242
42115243
66450356
00561350
11602351
22013352
33124353
44235354
55346355
06403432
10514433
21625434
32036435
43140436
54251430
65362431
12634544
23045545
34156546
45260540
56301541
60412542
01523543
25165656
36206650
40310651
51421652
62532653
03643654
14054655
31326061
42430062
53541063
64652064
05063065
16104066
20215060
44550103
55661104
66002105
00113106
11224100
22335101
33446102
50011215
61122216
02233210
13344211
24455212
35566213
46600214
63242320
04353321
15464322
26505323
30616324
41020325
52131326
03265403
14306404
25410405
36521406
40632400
51043401
62154402
16426515
20530516
31641510
42052511
53163512
64204513
05315514
22650620
33061621
44102622
55213623
66324624
00435625
11546626
35111032
46222033
50333034
61444035
02555036
13666030
24000031
41342144
52453145
63564146
04605140
15016141
26120142
30231143
54503256
65614250
06025251
10136252
21240253
32351254
43462255
60034361
01145362
12256363
23360364
34401365
45512366
56623360
04521313
36606114
11246153
63534132
45125146
00434415
43565436
05044604
20424640
34264446
21412122
42032011
45661011
30243266
13564615
03611406
51506223
44211656
14002345
40045334
64134445
64456046
35466054
43541600
51645015
20230606
15000102
51205604
02435530
25041020
21346024
24403160
02201444
65363643
04224011
06330552
20505043
65264045
14512264
34302623
22352155
60105114
52533550
36425635
24630032
62020006
04042561
42216420
55014541
32053415
41603165
53610220
54246432
66303401
31553312
22050645
63055450
63021611
13124412
30400432
43215214
10321556
43626055
05005056
53155101
52636034
31156662
13363133
14346223
53402156
16035136
23141236
41404535
46260260
44122515
26110440
06564065
62165631
52004104
13000252
10103331
06540323
14646416
41320653
54232330
21266450
11355440
64225356
50130016
10550025
64331665
53120502
40650663
55550206
45102342
60523533
55611660
05453435
50601530
21624224
30431226
33551301
40403213
21333306
32466243
65166413
03105135
20035250
10662403
03232066
66265313
51644316
24125052
03252221
16561442
63402505
51266555
15110325
13516600
30161000
65633245
56220443
65332460
30254163
46226154
62205543
12564406
46254441
25554523
10632611
65646151
45653142
36212000
62440014
31314353
12356645
20063523
41430651
04155265
06161251
51042536
52103665
31140242
04354041
31632541
32514261
64643025
01152426
26653512
25320335
02641360
25436324
02623526
10625042
55042145
33104564
02161516
20411312
44652123
05053130
14564001
23413344
04554604
55505522
54445432
12634603
46430103
60361302
12222655
54201514
42322321
00016236
11143122
66314636
62310105
34013510
35460444
11621334
